<!DOCTYPE html>
<html>
<head>
<meta charset="UTF-8">
<title>Insert title here</title>
<script type="text/javascript">

	// [문제1]
	// 1	2	3	4	5
	// 6	7	8	9	10
	// 11	12	13	14	15
	// 16	17	18	19	20
	// 21	22	23	24	25
	var count = 1;
	document.write("<table>");
	
	for(var i = 1; i <= 5; i++){
		document.write("<tr>");
		for(var j = 1; j <=5; j++){
			document.write("<td>" + count++ + "</td>");
		}
		document.write("</tr>");
	}
	document.write("</table>");
	
	
	// [문제2]
	// 1	6	11	16	21
	// 2	7	12	17	22
	// 3	8	13	18	23
	// 4	9	14	19	24
	// 5	10	15	20	25
	document.write("<hr/>");
	document.write("<table>");
	
	for(var i = 1; i <= 5; i++){
		document.write("<tr>");
		for(var j = 0; j < 5; j++){
			document.write("<td>" + (i+j*5) + "</td>");
		}
		document.write("</tr>");
	}
	
	document.write("</table>");
	
</script>
</head>
<body>

</body>
</html>